14582479691924905815693512699570538408875613188697079758006765190543125727185380374337152843609709475446241652648457894237632620657405817681131482295147457212327627853617791772708401146656147791795744864311970145663693960500886892877059166717488045808972749800767365335724258657794180421450927006072170837235985359759733807205329925710667753534672868696921677953045067849747939134856925209858081586923865835140281060537646700217057832239310705868126242306278708301586920028087996628369256681098655395569008602523138054651561719686784742299111999189049846490794615133835257742939514849342132526260243371288582995327
13699124573794050328132238222293656075487814168920046835546370942920314046197145330222858677121610437993786102943491572310730237209736545419751010428694378720285870028589752141085770380032333660336735341274319330425204786092712564410362111742917535381861014190210787518875374716334502739024813814835060224538769082238953366568208759063265563528951899957444254265184677938318969354766617534455624416968154770714389115309859138693348585570607711700015372790616113480918846628929091678644237565511552094684104962713474541056600430101152278081890539147502080244273122476352351409094163860261698714870139035097138574089
1005498700643952843722355625882816959895704158473048232705766239149152313182260238280605979175110882940498311073662938840201089356202101790811621038161379782446080510350764145227336731172155110697574735905291751980332484132345587852726462640215808582070688495576515314586621708724848327224046166457313727845867457617708514187943675893600295628891283806050387041499445131265896944235444502025976151639774841529026977403015681617087238899694261723927322219694924760881636639146566177659824091171016540613444422153442917400380022843169913873939903397327692810313642306762737601582816168118466133350672251854462907705
7
9920880585922753217
2548756676650827413
4675862510200720362
7
657006358736862611
532887222590922209
499345749927665158
7
309985439
203079473
216638852
7
112301391815171158709056034839525257751
28376505614526670245013211281785068033
96450266962386008952063595878224123849
7
101550478044652314302185313059321762799
6433580799264482794343094679420836929
40230363789193123676285722015701456610
7
37128312833066946622169437248816282287
31321437227852545540431494118809289593
2005361146610412003641233147693412045
7
139704713278174543769102186340481783619
101195693253299692396231022985617506049
62516549479462589846190819553768956450
7
12816819326720715278331113951375271539
7825970962927550283755651345511622169
338266240327534231993307283902599928
7
93199816127427393220342887004167117331
39986456961273836794360709558899891473
57366071029171458222160368341560151504
7
56109069337904661161232406993312893587
44230935947696240423454663102533148497
31989477063501360626389110157357917105
7
198759755236367076354389864605826649881
37794590380328768560835963486872176473
26391157659663552936880040626856257452
7
